image: lab_new.pgm
resolution: 0.05000000074505806
origin: [-6.070428, -3.277775, 0.0]
negate: 0
occupied_thresh: 0.65
free_thresh: 0.25
