image: room_map.pgm
resolution: 0.05000000074505806
origin: [-4.323558, -2.064112, 0.0]
negate: 0
occupied_thresh: 0.65
free_thresh: 0.25
